3,2
3,1
3,3
10,270
10,152
10,30
10,312
10,234
10,20
10,282
10,148
10,2
10,3
11,22
11,17
11,12
11,21
11,11
11,27
11,24
11,2
11,3
8,10
8,13
8,14
8,5
12,2
12,1
12,3
104,5
104,4
104,3
104,2
104,1
104,0
103,5
103,4
103,3
103,2
103,1
103,0
102,4
102,3
102,2
102,1
102,0
101,3
101,2
101,1
101,0
100,4
100,3
100,2
100,1
100,0
99,4
99,3
99,2
99,1
99,0
98,3
98,2
98,1
98,0
97,4
97,3
97,2
97,1
97,0
96,4
96,3
96,2
96,1
96,0
95,5
95,4
95,3
95,2
95,1
95,0
94,3
94,2
94,1
94,0
93,4
93,3
93,2
93,1
93,0
92,3
92,2
92,1
18,1
92,0
91,3
18,3
14,1
91,2
91,1
14,4
91,0
90,4
90,3
90,2
14,3
13,1
90,1
90,0
13,3
89,4
89,3
89,2
89,1
89,0
88,4
88,3
88,2
88,1
82,3
82,1
20,3
20,2
